7027
5929
5255
5995
5487
5523
4943
6370
5486
5799
4970
5387
5550
5178
4988
5700
5456
5330
5576
5120
5310
5047
5070
4710
5133
5232
5197
4935
5578
5509
4954
5471
5539
5469
5185
5252
5877
5383
4821
5182
5709
4946
5187
5817
5282
5612
6335
5930
5940
5806
6041
5160
5058
5625
5133
5564
5616
5392
5285
6132
5118
5628
5321
5884
6389
5426
5693
5441
6827
5740
5839
6300
2232
2042
1793
1972
1928
2036
1948
1831
2126
2121
1878
2475
1859
2103
1945
1905
1883
1765
1985
1933
1828
1881
1890
1874
2249
1884
1939
2070
