50956714
50148278
50265007
51088334
51414440
52459774
50217292
52238683
50222317
50092344
50841437
50156214
52932833
50118248
50182284
52092921
50180303
50097195
50279116
50065261
50204004
50187033
50572064
52534904
50214682
50078219
52313418
50147393
50752298
50179730
50232087
52335566
50144040
50186076
50154717
50124096
50115773
50188505
50164898
50241232
50117969
50135413
50224420
50256528
50183000
52200099
50111234
50274060
52629254
50168732
50098952
52428543
50249285
50267582
52478197
50152626
50085477
50142466
50167495
50238516
50438737
50099337
52193532
50275999
50239372
50489273
50240518
50157712
50944628
50187782
53454314
50137683
53162515
50208837
50386886
52501439
50199529
50189585
52637330
50065976
50144967
50090861
50097681
52244329
50461601
50134163
50166638
50116214
50195697
50143932
50223960
50145374
50419540
52259617
50109625
50069455
50772274
50154090
52279563
50172122
