561987092
558003038
554907342
556353854
555708544
557688935
555845299
558108312
556591012
555165240
557955939
556416931
555142644
558876439
556081836
556857462
554046266
556508825
555708725
556536116
554820369
556989653
555412071
558313194
555535149
557349026
558727520
556570023
557608431
556782045
554874715
556749181
557689712
555233196
556562015
555619860
558335242
555027435
555904353
556718652
554841971
555254851
557381450
555937925
555062598
557911697
554905804
558325397
556275377
557515662
558358945
555389123
555286249
558417233
557315473
557120419
554768855
561433517
555318561
555907244
556420161
555352509
559250980
555471085
557656699
554895211
564645393
555635738
556183398
556448973
556915370
556233779
555363805
554889787
554758016
555748490
556146621
555426116
556319065
556904017
555014460
557769440
555687157
557418864
557012791
558414839
555459480
555595941
556225340
555714322
556520708
558256943
556429745
557745951
557459356
555169877
555439453
556842905
574954611
562349460
