1698843
1704657
1770985
1751457
1763098
1751382
1765216
1767401
1767733
1883588
1899139
1814228
1839199
1827612
1825872
1882208
1892837
1875278
1906754
1938019
1876610
1894771
1878226
1905076
1897681
1882118
1866404
1867213
1867645
1892655
1871028
1884839
1914559
1876839
1857863
1862801
1756459
1766268
1729355
1707172
1761297
1769448
1770217
1701216
1700599
1699756
1697441
1688047
1693443
1718215
1699704
1689954
1699783
1696242
1712159
1713801
1696890
1799886
3313169
1818831
1881930
1845998
1802477
1813591
1833060
1885593
1795244
1888753
1891120
1933590
1972857
1923807
1941004
2013280
1939559
1932913
1954209
1935672
1955843
1939853
1939586
1867080
1961900
1867783
1895624
1863923
1879274
1865048
1887836
1868841
1813879
1742957
1749189
1729510
1725440
1717348
1778882
1751116
1712849
1705635
