42169301
42033775
45598210
42128854
41929135
45173892
42393331
41888858
44050815
42388983
42569937
41506081
42541851
41783140
42073397
43517276
42164392
41768006
42877095
47425150
42113626
41830093
46237091
42237659
42352410
44066366
42375369
41370846
42330925
41913220
41508815
41826545
41687111
42236994
41842919
41976000
47682890
42002764
42013585
45264695
42177410
41900642
43921090
41671287
41866838
42516593
41919873
42080310
42305452
42007552
44793440
41789510
42792233
43197107
41850289
42043534
41896726
41988910
41611637
41798007
41611694
45703252
41839982
41841764
44684688
41414900
42194447
43408423
41914542
41934844
41734960
41749619
41805668
42460223
41884885
48388496
41731968
41727428
44635880
41834040
41993072
41806211
41839255
41999797
41957542
41890102
42265119
41815451
42021239
44252199
41824043
41746253
43212078
41946009
41802794
42219693
41861627
42147543
42009966
42646987
