928977873
932920572
925780556
927133312
934846106
928803259
935153211
929145386
930498904
971760181
939370914
933854529
930616405
898942277
909656314
903204777
917821211
929052113
950483234
943439794
961495135
925842299
928051732
933350527
926760809
921831127
931003216
993848198
925670767
933815767
926760682
919277852
931447560
928656986
915506345
928350258
940462648
931391299
924431068
924531931
926478426
934910012
935387011
920427593
935793494
932176676
926899495
936000124
928263285
927981870
932967849
962747982
920474951
925708045
924746918
922305121
979511401
927354260
931083150
932890339
925597475
969398936
931342726
931607814
929047759
934706379
932490133
927092960
935734371
909748680
904505274
949184146
924319416
931655793
923407801
925512550
932795342
936031485
981849831
923687125
918848501
933173875
927023228
923789578
927367177
927023936
928081912
955676282
927410317
961910672
929549834
947925200
930714538
980926514
928441837
926330905
933676954
993705113
930736581
932862876
