3198
6981
2815
2811
2770
2758
10420
2818
3396
2746
3025
2154
3139
3157
2193
3851
2813
2225
2263
2181
2108
2179
2008
2186
2122
2105
2113
2158
2081
2201
2122
2140
2079
2111
2060
2143
2174
2126
2145
2196
2134
2071
2085
2201
2068
2082
2201
3872
2122
2193
2112
2106
2082
2128
2148
2087
2141
2159
2107
2069
2117
2072
2090
7259
2094
2186
3571
2088
2122
2219
3347
2225
2105
2118
2209
2101
2148
2924
2128
3946
2077
2143
2083
2143
2138
2290
2207
2093
2148
2165
2143
2080
3175
2929
2988
3035
2652
2764
2839
3232
