28312
19940
20207
18512
19614
20169
50674
19810
20675
19444
26701
21352
22088
24352
20382
21000
20072
25797
20733
21121
19150
20939
41750
21245
21470
21711
24407
21542
21579
20977
21094
21436
21547
21213
21572
22840
23027
22146
22739
21602
20667
21162
21509
52797
20633
20495
21968
31417
21145
21091
21806
21757
26495
23419
22527
25721
29642
22973
23230
23256
28091
28234
27396
22242
22405
21951
42206
22532
21893
21973
20131
21367
18761
22435
22796
35073
22263
40686
21936
22439
21697
21316
21656
10505
8515
9467
9770
9284
9228
10011
9750
9793
10285
10590
9791
9803
9612
9925
10120
9635
