11535
9507
15629
11269
10262
8760
10850
9709
9870
9951
3320
3464
3388
3485
3531
3401
3626
3349
3450
4644
4967
5493
3328
3750
3371
3554
4046
2867
2859
2542
3662
3457
4925
3449
3692
3364
3478
4171
4687
3449
2405
3734
3452
4083
4198
4034
3333
4515
3718
3692
3474
3592
3257
3771
3269
3364
3343
3615
3510
3282
3458
2405
3314
4431
3599
3443
3601
3299
3345
3440
3558
3398
3798
3514
3212
3437
3355
3429
4040
4678
3466
2949
4542
3664
3207
3409
3550
3492
3474
3490
3453
3490
3140
3424
3433
3338
3476
3362
3505
3226
