30702
27913
22869
22487
15648
16467
17093
17396
20150
17242
17610
17904
15365
15901
15015
15478
15162
15373
16475
15599
15397
19852
17432
17957
17684
17157
29209
18602
16145
18018
15963
16948
15057
15433
15222
15382
20061
20565
17816
17282
17052
18740
14443
14120
16297
21502
14485
14350
14808
15972
16003
18475
21085
20218
18889
17530
17325
20706
14530
16051
14373
14779
21307
14550
14479
14508
14763
18877
18090
31691
18274
36797
19081
14522
14292
14767
14653
15870
14704
14623
16182
14583
17499
17512
16994
20421
16903
17098
14619
14816
15916
14548
30371
14681
14557
16206
14628
16989
18352
25256
