53504
28736
28366
37107
51897
50340
53876
48626
57024
49183
48486
50827
53610
49660
50660
50711
50606
57414
57067
46131
52746
51143
35583
35662
35524
36591
35868
35360
35384
35237
35883
35856
34986
40455
28872
28367
28533
28284
28655
28842
28508
28433
29235
29132
28451
28365
29817
28965
28534
28492
28530
47616
26314
27034
25892
26049
25672
25948
26268
26879
25906
25822
25982
26031
25767
25932
43577
37631
42386
35691
32870
25837
33890
32942
26000
25700
28330
25880
25994
26466
25801
25728
25818
25799
25842
25965
26078
27603
25922
25543
25911
25963
26626
28008
25937
25933
26396
25961
26300
43426
