6718878
6536723
6559699
6582672
6518403
6541158
6576228
6624191
6564257
7615219
6778448
6952645
6806986
6766749
7034285
6760732
6903638
7946123
4571509
4670093
4468330
4332144
4493535
4476444
4588976
4752859
6200030
4840968
4757465
4702443
4615221
4403599
4316173
4286561
4279485
4299446
4267511
4266871
4282939
4258929
4282199
4282190
4281479
4276150
4277823
4256484
4422656
4325574
4423133
4347352
4302564
4297314
4513565
4285109
4326822
4303664
4487201
5668198
4445020
5076077
4432183
4354064
4424600
4992891
4367293
4337465
4313590
4652571
4377110
4335418
4803614
4364138
4286364
4292675
4325020
4305675
4292051
4272897
4300226
4439474
4298862
4259750
4248145
4274000
4254491
4288118
4244732
4281250
4277311
4257873
4288176
4267812
4541288
4637838
4294604
4289234
4267708
6754427
6578300
7143698
