1624363402
1631045407
1574916933
1671819648
1613189872
1623472396
1616694042
1669673225
1605133791
1588896061
1580443160
1653116453
1654006378
1592113737
1603209689
1678368515
1663234165
1638295424
1640191155
1697169124
1676253713
1603296905
1600444724
1589686520
1678945758
1646620105
1620885405
1590092272
1690355891
1644295420
1571529179
1584835608
1677350180
1615963225
1603573210
1579496158
1665406440
1659925396
1600375343
1571422267
1684801918
1631620645
1598864223
1601573889
1674233556
1659817296
1596928630
1578836650
1666773847
1627554335
1598583759
1586961369
1677412160
1623538072
1595848066
1583358170
1671362848
1604340130
1601473012
1580891519
1656156663
1627904204
1620205471
1620869129
1665358774
1612651932
1712775410
1613215156
1680416522
1639429469
1652360767
1620077558
1637419549
1687342012
1669268044
1592987248
1576981514
1696317507
1701651371
1624560549
1599420178
1678019480
1638487799
1585090997
1582762225
1679727169
1617617779
1582237392
1573470676
1669084698
1631400912
1582055731
1588490123
1665368315
1636202043
1594796730
1577381542
1662275176
1626434762
1609706841
