110362
18408
17500
22956
18417
18049
16779
16778
20057
17414
17545
16857
23633
16726
16573
17089
29903
34685
18041
17059
16568
17902
17059
16910
16643
20353
17442
16894
16586
16969
16514
17075
17151
17193
17504
17484
21319
18584
20952
17167
17227
17137
17404
16444
18885
16132
16019
14711
14127
14241
18067
15593
15579
14959
31263
23922
19767
15748
14778
15130
14599
14234
15728
13834
14973
13107
13301
14273
18020
15595
13297
13471
13664
37527
22103
12692
27629
16407
16777
48513
23347
11673
10729
11305
10565
13013
12528
9961
31040
17482
10634
9736
13006
10432
12547
11494
9705
9999
10151
9903
