404753
421767
404687
405455
405727
405398
411508
402637
402808
410996
394192
397022
392517
391666
392532
387503
393918
388833
392091
390504
390113
394415
392497
384371
390487
391062
394995
377343
378231
379850
404961
414265
382149
373501
374791
379988
379092
379635
375250
374544
380662
380294
378652
379640
384108
370799
366305
376315
371582
365720
368377
364673
363296
367483
366200
367545
372335
356137
364421
359067
366597
369243
354059
362070
352431
351845
367032
370238
372462
370344
379279
370235
366937
364992
371919
360621
361319
353585
352573
351563
360518
360037
356416
361585
360296
346729
345711
346356
363199
358706
353922
359723
356919
357400
347306
342750
355666
346840
345825
350245
