8821
7271
6993
7409
6797
7395
7633
7459
6870
7022
8026
11140
7327
7166
7456
6888
7676
8029
8178
7297
7381
7181
8204
7673
7848
7839
8048
7421
8211
7721
7184
7591
7171
7966
8444
10230
7708
7812
8428
6826
8362
7870
6966
7541
7110
7566
3689
3112
3617
3435
3591
3280
4478
3464
2481
2651
2649
2622
2652
2673
2388
2559
2586
2435
2502
2586
2779
2578
2817
2657
2582
2846
2379
2531
2748
2614
2914
2604
2761
2445
2682
2534
2830
2373
2593
2486
2716
2382
2582
2670
2498
2445
2458
2607
2458
2929
2624
2430
2965
2481
