50106955
27799558
26718572
25935720
24435964
23382942
23407030
23371441
23411871
23381876
23872793
25428421
23525003
23400292
23414291
23416552
23373228
23367769
23406145
23390554
23482778
23423917
26622061
25653600
23529570
23476186
23508250
23712162
23539893
23473992
23523814
23519152
23545149
23456023
23514536
23474049
23497716
23546504
23523316
23494715
23463942
23491888
23512875
24606042
26168152
23970827
23416186
23400111
23344508
23343247
23377898
23336504
23495016
23539319
23362573
23407935
23386524
23423322
23582480
23368146
23348230
23331403
23376752
23311084
23768160
25830761
23629624
23360255
23362427
23390397
23352257
23378638
23372183
23381989
23504260
23355127
23373068
23370832
23352593
23350024
23365673
23300495
23447416
23520272
23505185
23650455
25258097
24230806
23419051
23394223
23374614
23370568
23388285
23381203
23486856
23492130
23366707
23380980
23400440
23382399
