7802928558
6115997864
6107008482
6110210385
6176032205
7682440762
8516070431
7676419986
6522029608
6707861037
6737292113
6720643826
6676158098
6707900537
6713912773
6698443852
6555519599
6609441507
6854494458
6587542232
6562214972
6730596290
6649526806
6801507614
6677131846
6673811102
6599298734
6624554291
6545602189
6564365588
6707227775
6500982491
6556910340
6675360442
6644668076
6654067468
6517523649
6694302810
6575931611
6479080887
6562853110
6634431581
6596143909
6648304475
6510582159
6560128647
6738730527
6554290113
6628835455
6569611532
6847593303
6613158757
6898719081
8301782911
6949624707
6201138733
6125188399
6158715303
6109831174
6124861788
7065286196
6184540157
6125204983
6115070586
6125630911
6116046010
6284504940
6519279836
6725935102
6132798628
6107347985
6158736987
6212804556
6106018230
6503284383
6385288430
6203950151
6575492820
6699558196
6382924254
7179626923
7343437823
6321951333
6592884718
6409936511
6730528684
6569568880
6657367839
6182935066
6237216003
6342674993
6267459164
6168657860
6344990343
6973710164
6652557655
6659352706
6203238184
6205471059
6172854208
