25840
18544
17848
17925
17029
18162
18296
18026
18855
18343
19268
19204
19183
17985
18659
39677
19560
19637
18508
17890
17714
19015
18360
18528
21752
160739
19352
22529
23891
16360
19383
18809
18922
17617
18809
18027
18880
20074
17999
19977
18264
17035
18894
18296
16462
18284
18287
19285
19799
18709
17919
18343
18797
19656
17451
17658
18277
17661
17414
18756
22297
86134
19658
18615
26596
22146
18711
18785
18831
19118
17800
18850
18106
19284
19463
17084
19488
19932
18608
19952
18763
19253
17931
18566
19893
19055
18551
18132
17992
19148
18993
17548
19925
20954
25265
26270
19496
19591
24279
18125
