330319888
297111880
290060110
294189283
289811737
292345216
291667796
289899603
292066158
290231506
292764659
289802920
293058403
293145034
289474626
292496069
289546128
292860726
292211259
290584139
293983844
290038936
293702748
291762923
292416828
292257035
290176346
293741350
289911435
293889676
294089832
289592056
296787991
291337637
296096331
293489619
291639697
294786098
290711901
291847563
290064549
291231791
291752174
290095997
291279714
289655734
290088403
289498486
290968170
292350621
290550444
293119950
290195133
292248446
291668109
289898130
292336805
289809742
292656281
289411597
294193935
293130090
289484096
292532994
289437026
292783132
294881085
289697390
290467081
289409015
293847930
289540021
292816968
290822792
289622700
291371081
289618431
291832844
292026743
289874163
290933217
289832702
292254109
289662973
292961764
292537156
290627759
293465811
290128472
291077361
290645395
289905688
291831104
290073108
292559694
290385385
293908216
294269589
290408561
292475088
