21610
18276
6169
6826
6621
5821
5980
6772
6212
5986
6688
6964
6596
6155
6772
6337
6990
6573
6813
7054
7077
6369
5056
6291
6550
6280
5298
4378
4524
4682
4391
4270
4298
4436
4296
4503
4501
5239
4423
4554
4331
4400
6019
4756
4525
4448
4378
4462
4077
4317
4652
6599
6004
5980
5331
6433
5610
6141
6621
6098
5946
5753
6006
6032
5968
5938
6764
6633
6105
6425
5919
6441
6019
6366
6670
5897
6194
6583
5956
6492
6169
6308
5905
6210
6225
6394
6335
6264
5966
6194
4985
6404
5771
6056
6469
6767
6352
6563
6312
6056
