33863
24492
22856
22597
23968
22194
24096
24527
31431
24368
25218
29846
31159
32434
33667
28265
33715
33012
32604
32623
30313
34015
53687
222511
34363
31243
31458
34076
33273
30427
34557
27750
33024
31796
31562
34944
36677
35299
30100
1276417
37924
32479
34951
34230
33856
34513
34163
33610
34008
180040
35034
32773
35299
33137
33010
34927
32451
36728
33716
36434
33670
32679
36841
35995
36314
33954
65329
33781
32473
34316
32724
33443
34659
33599
171740
34189
35577
34506
31780
36864
33946
35125
33085
37766
35006
35409
37143
32226
35687
34323
33506
35630
33143
32227
34483
34583
31576
35348
36404
133547
