3327485169
3316746372
3331832263
3324977734
3338686615
3321841817
3326247776
3307349609
3314001374
3323951011
3314310611
3318972165
3290721457
3313080122
3314955546
3293793498
3297008035
3296183614
3297792026
3300186891
3403489140
3434218889
3387799510
3312629326
3298636099
3299863125
3314338982
3359040016
3313645449
3293282764
3289652572
3292150001
3295507106
3292812342
3288388413
3314746240
3348697733
3423731555
3341301022
3365512658
3317650754
3316345640
3315180525
3360505806
3476171049
3455427722
3636780156
3308460870
3354115625
3495151300
3431781187
3382194645
3341087723
3336940576
3336339586
3431365851
3434278507
3467263535
3507212025
3354363888
3538869070
3491394898
3542017461
3517843051
3508553624
3358632757
3313790536
3300311921
3307276249
3300740331
3309411959
3298792476
3297754425
3295962444
3295771961
3296492012
3304098021
3306858258
3392991328
3360279421
3498869797
3344812808
3477916264
3457636993
3702992135
3441000334
3296840872
3296328435
3383408413
3343836809
3357674627
3317939445
3300139553
3301023547
3447914642
3373721654
3354124201
3316885806
3311469741
3299069421
