21880
19293
18376
18123
19343
20276
19921
20454
19385
20482
20416
19391
19860
22789
25395
23914
21708
21755
21573
23231
21394
26395
24022
27504
24618
28176
25731
27019
26004
29875
27395
27696
27382
27274
27778
80882
26943
27382
29333
27464
27883
28387
26909
26471
25750
27051
27089
26639
26968
26277
27349
26982
26713
29502
25775
27510
27546
27981
27490
27250
25647
27769
27318
27018
27294
27515
27640
28280
28833
27985
27926
28311
31784
29924
31215
30125
27180
29250
30612
28298
28596
29269
30131
29735
27867
28429
28828
29016
28213
31255
29792
30489
30883
29773
28572
28547
27733
29620
29646
29745
