71733
41114
28186
28368
26395
27251
28363
25878
29734
26758
27942
26511
31998
35493
27232
27194
26463
26475
26718
28332
26875
27971
26868
27329
27200
29416
27275
30984
38412
31313
27964
26727
26369
25442
26785
26601
26159
34174
34487
31513
33169
34387
31625
36966
39951
27675
27064
25822
33318
29855
27950
37266
49483
32670
27404
25860
29063
28760
26973
28327
37354
36313
34845
28539
28589
28320
26527
27061
25463
26072
27915
28900
24946
27669
27172
27928
26702
27459
27813
29132
28890
30540
35319
34733
30225
28853
30488
27958
28722
26924
28201
27277
27406
26417
26804
29517
27490
27307
27551
27278
