36656138330
44615982435
36884435857
35906454640
35781782225
35835679812
36022984735
35675984952
35594589742
35547785116
35514981763
35568137255
35550079653
35522428689
35470823332
35523240917
35529410416
35518643738
35928845343
37020744790
35543736786
35543581790
35513592347
35995122653
36703529112
35540309349
36015205542
35874752995
35672164690
35621102299
35658984982
35728253313
35630509860
35602291258
35596609420
35585509922
35615530610
35731338440
35861495722
35733916759
35618008713
35557143601
35658476489
35533115171
35437446808
39401126309
36574734751
35672478793
36334758249
36360457201
35743695570
35743615760
35546983419
36457606247
36684551727
35692008558
35663574399
36187379899
35792497231
35666808503
35494507971
36071407465
36170477174
35458769157
35697701723
35740409497
35546882301
35545224742
35880760575
36926310405
36583953476
35889801748
35905202478
35740500834
36101563864
36398558200
35663823731
35637955046
35514202809
35387880362
35503258402
35515129599
35453493710
35507066353
35526010259
35506462181
35528481327
35592342891
35655994417
36420217752
36862955802
35519211043
37054029381
36229980605
35720646136
36166138017
35497363222
35493880427
35538604039
35548701925
