179788
14617
9995
16920
12946
7630
6995
7392
9551
7472
6712
6862
6338
6388
6780
7415
7001
7090
7970
7964
6993
6682
10368
6983
6899
6951
8056
6757
8535
62574
7900
7026
6269
6829
6740
7111
6658
6792
6864
5984
6804
7526
6995
6233
6476
7252
6440
7417
6485
6684
6905
7034
7371
6390
6175
7156
7341
7420
6867
6789
11108
10022
8875
7235
8407
9522
7668
6610
6382
6669
6583
6834
7357
7140
7206
7565
6296
6348
6522
5334
6689
6358
6906
7512
8302
7050
6939
6936
7816
6965
6788
7465
6935
7253
6855
8127
7758
12375
7157
7231
