55467
16636
17929
16870
16833
16611
14151
14004
14152
14049
14018
14120
14114
14071
14120
14073
14106
14155
14148
14227
14021
14136
13983
13944
13993
14052
14352
14048
14081
14225
14073
14052
14165
13981
14046
14070
14002
13998
14078
14959
16800
16481
15974
16755
14183
14022
14078
14266
13973
14326
14045
14070
14009
14020
15733
16469
16623
14616
14292
14030
14386
14076
13971
14090
14045
14165
14152
14024
13980
14159
13946
14042
14015
14568
13995
14069
14071
14000
14193
14018
13971
14449
13995
14068
14127
16314
16643
16638
14349
14166
14140
14083
14160
14690
14000
14605
14260
14055
14145
14227
