259409
21269
27151
14868
14775
14035
14109
13896
14250
14373
14066
25855
18906
13681
14342
17448
14152
13360
15928
14575
19242
14346
13868
15552
13946
14767
15287
16171
14417
14153
13745
16309
14244
14338
13598
13947
14231
19576
14002
13666
13864
15149
13874
30848
13946
13633
13435
288153
26452
17789
15358
14742
14417
14596
14341
14465
15139
14245
12968
61232
21282
64069
13288
15478
13105
13225
12787
12551
12783
12584
20898
13179
13332
12900
12875
13659
12536
12084
12452
13335
12741
12871
13127
14128
13785
12472
13042
12773
12941
12804
12651
13278
12402
19554
12641
13418
12500
13396
12731
12653
