13300
13716
15280
14571
13960
14314
14499
14284
14121
13899
15640
13797
13680
16601
14032
13836
14616
18144
15056
16592
15435
16032
6292
4784
4959
4595
5311
4246
4755
5467
16202
5364
5052
5306
7134
4596
5890
3098
3078
2571
9024
2663
2966
3182
6448
3072
3245
3300
3108
2499
2853
2695
2600
2976
3003
2795
2957
3070
2706
3069
3216
3144
2804
2996
3321
3341
3300
6102
3275
3187
3167
5806
2888
3359
3174
3434
2713
2975
3188
2701
2660
2664
3000
3006
2998
2765
3081
3302
3208
2839
5751
2760
2845
3025
6312
4809
3130
2712
9773
2631
