30644
4955
3797
3897
3568
3414
3788
3603
3403
3407
3445
3305
3582
3385
3468
3083
3304
3244
3075
3403
3104
9136
3476
3359
3178
3207
4511
3599
3231
3422
3104
3404
3266
3519
3190
3064
3190
2909
3386
3065
3423
3259
3267
3237
2966
3509
3253
3133
3053
3173
3507
3125
3069
3287
3078
3296
3066
2927
3016
3266
3398
3066
3182
2866
2986
3076
3250
3521
3072
3238
3302
3138
2870
2752
2924
2799
2928
3197
3073
3100
3020
2775
3127
3231
2797
2756
2898
3105
3000
3592
2961
3029
2846
3136
3027
3105
2935
2938
3173
3038
