576884
516732
508010
509414
513820
515222
499789
511230
444854
460901
458023
633134
462967
443453
628575
485197
456815
456404
453630
470877
455692
443578
455670
478330
529359
480775
504245
448429
432224
447816
448065
436125
469487
464149
435190
446855
451545
433908
434515
450135
483330
477976
474755
454467
472035
483398
440643
305201
312063
445876
291356
312906
288024
287603
286520
288039
295384
291190
328282
289015
305585
296983
306561
216888
216567
271830
218614
220424
216011
218737
216154
216359
217301
216407
215495
215456
216464
217440
214912
215319
214601
214924
216566
225165
228722
171853
171136
173464
171639
171201
171742
171585
171789
172116
171206
171594
171209
174093
182160
177284
