523368
446355
453461
449283
406202
560518
753943
571435
508274
512559
541823
569873
566993
572527
513725
480508
486615
512086
500134
517757
326858
264120
243435
227740
244876
231986
230085
238111
234624
235933
235744
247486
229410
230329
236293
226301
237024
266259
246627
236732
230653
234084
223403
239585
238127
251910
235454
233623
160261
166073
165563
166151
159091
154218
176520
200391
168465
168314
168788
158256
163115
159138
155278
161152
160772
171317
163332
165914
188474
159763
163492
159104
162442
157590
157036
172767
116228
126146
116003
124617
115895
159666
49170
53566
48426
51460
46682
46088
47080
47840
51313
46801
49655
45912
46053
48845
46764
45901
46527
48622
