11377
10434
10001
9037
10570
9217
9164
10009
10541
10544
10035
9570
8152
10643
9747
10630
9054
10273
10083
8656
10571
9315
10250
9936
9996
10466
9802
9800
9390
9343
42126
11175
11081
10703
9527
8992
65811
9302
10500
14362
9712
27569
3597
3511
3479
3347
3649
3553
3539
3492
3576
2844
3869
3657
3240
3689
3177
3598
2571
3464
3524
3611
3555
3698
3685
3592
3188
3214
3653
3379
3507
4156
3632
5125
2775
4035
3734
3331
3634
3849
3625
3791
3223
3336
2838
2952
3643
3176
3528
3044
6996
2582
55067
3187
10142
3048
2573
2836
2793
3340
