71639
70778
70761
72229
72913
69993
70885
70092
73037
71300
74182
71547
70895
71684
69677
72906
70841
70351
72287
70333
70343
68629
80544
71544
69527
75883
70197
70725
70521
70045
68581
69134
70982
70169
69372
70580
69514
69735
70631
73812
71247
67666
69105
68130
66897
67400
67553
74887
67157
67133
68048
65357
67665
67585
67168
74591
68278
69557
66993
67121
67060
66777
63919
64324
68048
65757
65113
64360
65586
66149
64315
65237
62719
72454
64426
65345
66637
65134
65293
64507
63436
77591
62285
62658
62106
63935
63170
64051
63378
62569
61566
61496
61694
62765
61235
62091
63620
63874
62372
62575
