699019
700789
702631
679959
706382
677650
676806
680820
677535
691987
685313
676842
685688
673921
662599
663345
668049
657061
663921
657161
659412
639437
634862
632808
635119
654064
638714
639811
646427
684061
830540
655883
657289
637041
632861
666430
634844
636483
643214
622922
617048
628480
618105
619167
637933
626451
646542
614671
622337
628963
614538
618625
628431
727559
658237
712469
657246
659263
642607
635660
638593
644762
650516
654264
738777
735201
656253
666086
658815
640587
660830
638388
671960
651459
675846
635234
645306
791486
636783
694492
683685
686884
679039
636636
634986
639946
635413
634705
647395
636965
676253
634292
645664
638503
633133
634854
634290
637944
633065
641520
