120765
14175
13222
11314
10314
10639
11424
13118
12287
11686
11473
10880
11516
12010
10390
11475
11091
11197
10470
10399
11383
10187
11172
10351
11004
10580
10927
10916
10904
11376
11802
11094
10921
10678
10554
10630
10841
10262
11536
10916
10978
11500
10934
10826
106029
12630
11972
10270
10968
11066
10877
10647
11321
11645
11770
10758
11412
10385
10466
12129
23541
14898
14741
16970
15946
12966
11471
11795
11139
10370
10671
11847
11101
11039
9963
10981
10444
12053
10557
11382
10329
11095
70405
12777
9296
9083
8708
8638
8298
7801
8309
7770
8511
7849
8797
7648
8429
9007
8588
9250
