8209799
8140755
6199042
4263705
3561401
3039476
2679657
2522793
2275223
2064677
2015656
1914827
1911625
1907217
1912166
1910714
1912996
1915777
1924853
1847205
1853250
1850672
1848641
1847507
1847820
1847215
1811656
1786625
1792702
1821639
1814402
1798933
1790231
1802422
1790116
1797319
1788890
1790314
1798981
1791621
1795401
1790320
1757756
1683444
1688903
1684246
1684618
1731999
1824122
1882306
1913726
1905913
1943577
1962487
1945657
1930471
1953126
2035012
1945338
2020083
1968647
1952481
1917283
1925536
1917860
1922133
1910582
1946630
1924939
1914257
1868777
1850246
1854940
1847331
1850512
1880844
1853357
1841758
1848374
1791054
1795671
1812117
1816306
1798339
1722905
1709120
1689148
1693149
1697437
1715046
1695665
1692435
1696825
1688791
1714622
1692559
1695476
1698669
1708607
1696653
