12446319
11995091
9655023
8554111
14196642
5007101
4971011
4863959
4967725
12601438
4865614
5076198
4820401
11713134
4446059
4407636
4400939
4381131
11741517
4769190
4392103
4456960
4558653
4718257
6433631
6985782
7048186
7379720
13906578
4655653
4420661
4383979
4389566
4377973
4438394
4381270
4393378
4395169
11137697
4394463
4397381
4385469
4393300
4397435
4407423
4389996
4509690
4393435
5044106
6430458
6789738
6765044
6778909
6766875
6757957
6977307
7320552
7048716
13189953
4382528
4382424
4380292
4437508
4385255
4395434
4433995
4399983
4406527
4406115
4433721
4507581
4460578
4416914
4446266
4399285
4424508
4391093
4415935
11169433
4380044
4381981
4376803
4409385
4378137
4393426
4397215
4382254
4392766
4369005
4400465
4403607
4401855
4427164
4390497
4394955
4414772
4389485
4411695
6095496
6734976
