18423
21057
13944
15529
19149
15719
19710
19444
22752
20507
17137
18622
20895
15855
18491
16209
17500
20827
21073
17114
20828
19454
17952
19415
22217
20661
16070
18633
17852
20458
16758
18525
17750
19381
22073
20603
22807
27874
22445
19217
18584
15155
16954
16666
16785
18106
20285
22431
18015
19293
21016
15326
16933
19410
20376
21475
20394
17194
19883
19057
16806
18311
32468
18929
19196
18246
16332
20483
13922
19212
16720
19121
20713
19630
17269
18443
19972
20425
19723
17340
20958
18738
40123
16027
16512
18306
17033
19402
17167
20121
18625
19894
21635
20287
19233
17659
17087
19346
19411
18879
