503210
560807
553336
584209
508993
496174
497876
510611
519200
493723
509265
496743
520065
506746
521528
498842
504601
499143
512428
513308
510854
514344
499457
500989
486135
496092
483775
503807
504725
500788
496461
489621
488552
494428
493955
495887
496986
486670
493427
491118
492471
495063
487738
484598
493682
496189
492149
497677
510466
534840
510470
497313
506979
519569
500609
501052
493668
511043
497702
488914
494446
494969
490454
494881
491812
480858
490823
493272
490703
481448
498740
496844
490036
479817
491496
523455
485796
501084
489742
483880
493795
494806
494260
489060
483040
495739
501248
493829
484948
493859
489862
484755
489148
508126
479920
474560
475368
476552
472249
477761
