14006
17347
12318
12360
11798
11307
11472
11715
10565
12461
11379
11125
11495
11314
11178
10920
11480
11117
11332
11159
11063
11375
11782
11600
10876
10912
10571
12711
10921
11202
10837
10883
10577
17617
11037
12665
12410
15646
12657
14500
15980
25429
21116
12547
10713
10774
12634
11778
16033
12742
15455
13767
12654
16161
16607
56256
42865
42736
36630
21492
28423
38021
21971
34833
30191
42259
11991
11562
11982
11343
11251
11153
13993
11231
11173
10955
11774
11012
10927
36683
18176
13660
12144
23114
11190
11596
48167
11388
10463
10376
10809
11074
11796
10939
10930
10193
11295
10861
11004
11013
