7797
7744
4369
4969
5646
4360
4986
7310
5828
5909
5462
5230
6435
5976
5383
6166
7494
6028
5910
7835
25947
5434
8069
6131
4083
4340
4601
4692
6633
4841
5454
4789
4477
6431
4466
5125
5428
4687
4257
6203
4932
4626
7679
5308
5192
7465
6297
6120
8182
5803
5500
7529
5545
5397
7275
5638
5481
7248
5506
5705
6968
5561
5286
7240
5685
5671
6061
5319
5026
6298
5119
4514
7396
4984
5265
6265
4810
4947
6376
5252
4825
7517
5171
4682
5182
6690
4390
6765
5172
5382
4467
6676
4861
7449
5584
6622
4708
6406
5103
4661
