33037
32082
32633
31744
31639
45388
56768
79175
59935
66244
67247
64196
58797
67769
58356
61347
57074
65578
66546
36576
36523
33152
45605
59427
59262
72265
59584
61212
63459
80386
51932
49859
25247
28678
25389
26904
30605
25008
24597
24487
24537
26739
26016
25417
24780
43283
67166
40210
41822
41253
48132
41787
42429
47152
38888
41322
46306
61589
19486
20949
19319
19646
18792
21471
20399
17227
18829
18908
17735
16997
21146
18461
14410
15990
20179
16073
16328
20409
17458
16901
17797
18502
15753
16768
19629
18754
18611
18401
17920
18305
17508
19209
33011
18061
18010
15908
18332
18056
21647
20632
