10966
9722
10277
9988
10120
9964
10081
13671
10069
9504
10025
9881
9842
9462
9765
10247
9625
9191
10326
9689
9975
9304
10208
9983
10501
10250
10128
10081
10193
10642
10259
9506
9281
10733
13564
15041
10119
10641
11033
9923
10222
10065
10927
13255
10969
9623
10471
10398
9709
9522
10359
10240
9646
10429
9232
15918
19018
14546
9825
9576
10238
10011
9194
10056
10381
12187
10410
10882
9296
10375
10504
10239
13226
11989
12427
18333
10116
13150
14465
16063
12629
15077
14568
10046
10131
10019
9248
9083
9823
9981
10293
10276
9883
9799
10205
10014
12245
10264
9988
11019
