34096
32869
32182
34408
35645
33883
33594
34626
35982
32993
34260
34852
33048
34328
33902
33473
32863
35265
35260
34110
33005
33713
35035
31460
33040
33527
35292
35412
33864
35265
33754
33403
34501
34600
36306
35162
48431
52872
51299
49224
50136
52863
55596
53269
53160
52409
53115
54284
56183
58588
60887
59476
59146
61071
57662
58957
57250
63196
58845
58012
58657
56142
60900
63409
60126
57034
55477
58260
59114
57638
56168
57223
62787
58632
55034
59144
55833
63348
59079
59743
68641
61338
61777
63064
63103
65349
64189
59728
60912
60270
65850
61121
63751
64140
62540
59974
57611
55264
60643
59049
