173495
173831
173161
172512
173632
172585
173334
171718
173092
172708
171671
173391
172298
174191
176198
171612
183615
172465
181066
154245
152517
159198
154037
154078
166523
175370
150011
148541
146703
149496
148576
147703
148998
147729
150061
149259
149014
148262
146942
149106
310373
163375
161789
161909
159889
160871
157320
158517
163032
152516
153893
193605
156925
236283
166598
198459
158035
193923
153462
195213
156014
194399
170496
195849
158830
201031
154169
196938
164779
196221
154074
195905
153702
193109
150996
190587
152367
195168
153005
193580
153903
193465
155451
190932
160611
190642
153529
193693
154010
191964
155208
194816
154356
197113
174752
202918
166910
193143
148884
190212
