16751
16636
14569
14746
13789
15513
14798
14473
15745
15701
16590
14229
15819
15451
16309
15367
16044
14959
16780
15615
14460
15290
14880
15212
15561
16498
15061
15096
14874
14972
16173
23864
16641
15791
15633
15513
15852
15835
16019
21381
15423
16678
16149
15325
15140
17528
15500
15856
14942
15068
17401
15882
16568
15954
16030
17510
16155
22290
26028
19029
20248
21703
16149
17857
16615
15970
15815
16424
16838
16701
13074
15156
15481
15943
15556
15605
13748
16564
16155
15976
16665
16399
15263
16598
18229
14067
16279
17197
17892
20650
15576
15681
16518
20050
18768
18733
18137
15383
17261
15497
