159876
160135
127163
127655
129560
128281
139654
130794
128888
127293
130286
125137
127322
128149
129664
126867
126331
128791
130089
138997
130950
127092
128771
136089
127792
130460
127222
128003
126589
127822
140270
129527
105810
107260
106093
107462
105921
104732
110593
106715
107343
108225
106436
107959
105599
108427
106681
106752
107539
108054
103773
108518
107902
106487
105570
109932
111807
107668
113950
110123
109643
117523
107268
111162
118153
126503
106096
105465
127237
103908
105959
99267
101428
104610
101595
102073
101832
101688
102196
118533
96016
100765
98988
103619
99127
107568
111766
94898
94324
92979
91947
96253
94847
95090
94134
94557
94218
93884
93567
93572
